Time,u_control_output,T_Reactor_Temperature,Ca_Concentration_Reactor,op_Cooling_Jacket_Temperature,ie_Integral_of_Error
0.000000000000000000e+00,3.000000000000000000e+02,3.244754434315989897e+02,8.772529460809700419e-01,2.500000000000000000e+02,8.158481143866329610e-01
3.333333333333333287e-02,2.500000000000000000e+02,3.210539903874181960e+02,8.777833148509553984e-01,2.500000000000000000e+02,0.000000000000000000e+00
6.666666666666666574e-02,2.500000000000000000e+02,3.177939378449736978e+02,8.791571628540204575e-01,2.500000000000000000e+02,0.000000000000000000e+00
1.000000000000000056e-01,2.500000000000000000e+02,3.147264494833665935e+02,8.811140299384584429e-01,2.500000000000000000e+02,0.000000000000000000e+00
1.333333333333333315e-01,2.500000000000000000e+02,3.118669011064122287e+02,8.834651032827367523e-01,2.500000000000000000e+02,0.000000000000000000e+00
1.666666666666666574e-01,2.500000000000000000e+02,3.092195831846203760e+02,8.860752402522621418e-01,2.500000000000000000e+02,0.000000000000000000e+00
2.000000000000000111e-01,2.500000000000000000e+02,3.067813956968976754e+02,8.888482819025830262e-01,2.500000000000000000e+02,0.000000000000000000e+00
2.333333333333333370e-01,2.500000000000000000e+02,3.045445634549996043e+02,8.917159020675285985e-01,2.500000000000000000e+02,0.000000000000000000e+00
2.666666666666666630e-01,2.500000000000000000e+02,3.024985463727602450e+02,8.946295130728433298e-01,2.500000000000000000e+02,0.000000000000000000e+00
2.999999999999999889e-01,2.500000000000000000e+02,3.006313382146642539e+02,8.975544864657767352e-01,2.500000000000000000e+02,0.000000000000000000e+00
3.333333333333333148e-01,2.500000000000000000e+02,2.989303330425485115e+02,9.004661071197461730e-01,2.613198213205178035e+02,3.565556524838294633e-02
3.666666666666666408e-01,2.613198213205178035e+02,2.981359282226900405e+02,9.033322774624039653e-01,2.697266628652738518e+02,6.213572591033207637e-02
4.000000000000000222e-01,2.697266628652738518e+02,2.979729848777807319e+02,9.061213761686640611e-01,2.714510215891662597e+02,6.756717074064225170e-02
4.333333333333333481e-01,2.714510215891662597e+02,2.979397638112541813e+02,9.088215279429202598e-01,2.718025857227855226e+02,6.867453962486061436e-02
4.666666666666666741e-01,2.718025857227855226e+02,2.979331703702279697e+02,9.114327850266178421e-01,2.718723612485079002e+02,6.889432099240098972e-02
5.000000000000000000e-01,2.718723612485079002e+02,2.979320335479376922e+02,9.139575106181325737e-01,2.718843917455794212e+02,6.893221506874357141e-02
5.333333333333333259e-01,2.718843917455794212e+02,2.979320093101077873e+02,9.163984563299694130e-01,2.718846482440173986e+02,6.893302299640707842e-02
5.666666666666666519e-01,2.718846482440173986e+02,2.979322064680587800e+02,9.187583783529243986e-01,2.718825618069618031e+02,6.892645106470732252e-02
5.999999999999999778e-01,2.718825618069618031e+02,2.979324423637994528e+02,9.210399611254872498e-01,2.718800654246849717e+02,6.891858787335156111e-02
6.333333333333333037e-01,2.718800654246849717e+02,2.979326797325300618e+02,9.232458040423269230e-01,2.718775534543947288e+02,6.891067558233125723e-02
6.666666666666666297e-01,2.718775534543947288e+02,2.979329111404875903e+02,9.253784210514049979e-01,3.459530675150285788e+02,3.022362953170802391e-01
6.999999999999999556e-01,3.459530675150285788e+02,3.028645059848089431e+02,9.273285266748074740e-01,2.937641389199932291e+02,1.378498005063685250e-01
7.333333333333332815e-01,2.937641389199932291e+02,3.038865825838768160e+02,9.290574669719865453e-01,2.829479457144968251e+02,1.037805805374394374e-01
7.666666666666666075e-01,2.829479457144968251e+02,3.040998745116617670e+02,9.306898347789541726e-01,2.806907697824788102e+02,9.667084961127472842e-02
8.000000000000000444e-01,2.806907697824788102e+02,3.041446441545101038e+02,9.322591098808760135e-01,2.802169920761598405e+02,9.517852818299651907e-02
8.333333333333333703e-01,2.802169920761598405e+02,3.041542266277497788e+02,9.337739824685945544e-01,2.801155849193563654e+02,9.485911240834069003e-02
8.666666666666666963e-01,2.801155849193563654e+02,3.041564565448193207e+02,9.352376729808588030e-01,2.800919866744905562e+02,9.478478183935595824e-02
9.000000000000000222e-01,2.800919866744905562e+02,3.041571438522887547e+02,9.366521906923012120e-01,2.800847131977396884e+02,9.476187159037481600e-02
9.333333333333333481e-01,2.800847131977396884e+02,3.041575016677929284e+02,9.380192460801958232e-01,2.800809265915023047e+02,9.474994440690236164e-02
9.666666666666666741e-01,2.800809265915023047e+02,3.041577835100552534e+02,9.393404438245134269e-01,2.800779439771213788e+02,9.474054966482486906e-02
1.000000000000000000e+00,2.800779439771213788e+02,3.041580425519028381e+02,9.406173246572125946e-01,2.800752026496373901e+02,9.473191493657172335e-02
1.033333333333333215e+00,2.800752026496373901e+02,3.041582901281978479e+02,9.418513755191326720e-01,2.800725826571218136e+02,9.472366239340536398e-02
1.066666666666666652e+00,2.800725826571218136e+02,3.041585288301423020e+02,9.430440330397138471e-01,2.800700565780078932e+02,9.471570566192355489e-02
1.100000000000000089e+00,2.800700565780078932e+02,3.041587594156194427e+02,9.441966855747302434e-01,2.800676163919460464e+02,9.470801947935157672e-02
1.133333333333333304e+00,2.800676163919460464e+02,3.041589822524258580e+02,9.453106748983471919e-01,2.800652582067046978e+02,9.470059158580503011e-02
1.166666666666666741e+00,2.800652582067046978e+02,3.041591976198969860e+02,9.463872977805731779e-01,2.800629790661979541e+02,9.469341267010013274e-02
1.199999999999999956e+00,2.800629790661979541e+02,3.041594057721341642e+02,9.474278074996190790e-01,2.800607762813817203e+02,9.468647426219482799e-02
1.233333333333333393e+00,2.800607762813817203e+02,3.041596069514338296e+02,9.484334153010447466e-01,2.800586472881378199e+02,9.467976828553867352e-02
1.266666666666666607e+00,2.800586472881378199e+02,3.041598013913093155e+02,9.494052918074407099e-01,2.800565896152961045e+02,9.467328695635644775e-02
1.300000000000000044e+00,2.800565896152961045e+02,3.041599893173322471e+02,9.503445683807559830e-01,2.800546008757297614e+02,9.466702275559142621e-02
1.333333333333333259e+00,2.800546008757297614e+02,3.041601709475115172e+02,9.512523384389026671e-01,3.500000000000000000e+02,0.000000000000000000e+00
1.366666666666666696e+00,3.500000000000000000e+02,3.088334557454722926e+02,9.519424579611875936e-01,3.046752962671129126e+02,1.722181418175896261e-01
1.399999999999999911e+00,3.046752962671129126e+02,3.101010591093544235e+02,9.523349616623951741e-01,2.912607998348589149e+02,1.299646963548529432e-01
1.433333333333333348e+00,2.912607998348589149e+02,3.103726501095595722e+02,9.526299294144168206e-01,2.883866701132979529e+02,1.209116630146804955e-01
1.466666666666666563e+00,2.883866701132979529e+02,3.104310667168709870e+02,9.528959753515362507e-01,2.877684725029954507e+02,1.189644427709674740e-01
1.500000000000000000e+00,2.877684725029954507e+02,3.104436925948751309e+02,9.531488459050034834e-01,2.876348583139939592e+02,1.185435801708285553e-01
1.533333333333333215e+00,2.876348583139939592e+02,3.104464736186272376e+02,9.533921948778789623e-01,2.876054279462120462e+02,1.184508793790924469e-01
1.566666666666666652e+00,2.876054279462120462e+02,3.104471372873259156e+02,9.536270411705918271e-01,2.875984046283160183e+02,1.184287570891365132e-01
1.600000000000000089e+00,2.875984046283160183e+02,3.104473438809320101e+02,9.538538244004796107e-01,2.875962183378162536e+02,1.184218706355992384e-01
1.633333333333333304e+00,2.875962183378162536e+02,3.104474501131601301e+02,9.540728520488565012e-01,2.875950941282364965e+02,1.184183295613293607e-01
1.666666666666666741e+00,2.875950941282364965e+02,3.104475326770383958e+02,9.542843959275129073e-01,2.875942203905342467e+02,1.184155774320530541e-01
1.699999999999999956e+00,2.875942203905342467e+02,3.104476081171646342e+02,9.544887131571549999e-01,2.875934220404091093e+02,1.184130627611792302e-01
1.733333333333333393e+00,2.875934220404091093e+02,3.104476800566678776e+02,9.546860509145435048e-01,2.875926607358582032e+02,1.184106647777369986e-01
1.766666666666666607e+00,2.875926607358582032e+02,3.104477493409846147e+02,9.548766476840929718e-01,2.875919275299942228e+02,1.184083553005132045e-01
1.800000000000000044e+00,2.875919275299942228e+02,3.104478162166576567e+02,9.550607337507139860e-01,2.875912198137613132e+02,1.184061261114110197e-01
1.833333333333333259e+00,2.875912198137613132e+02,3.104478807993834835e+02,9.552385315219369399e-01,2.875905363627940687e+02,1.184039733538842509e-01
1.866666666666666696e+00,2.875905363627940687e+02,3.104479431746167961e+02,9.554102558059599515e-01,2.875898762727622398e+02,1.184018941794397067e-01
1.899999999999999911e+00,2.875898762727622398e+02,3.104480034192489484e+02,9.555761140731710013e-01,2.875892387299581969e+02,1.183998860250354279e-01
1.933333333333333348e+00,2.875892387299581969e+02,3.104480616063366938e+02,9.557363067071337204e-01,2.875886229612538614e+02,1.183979464554431177e-01
1.966666666666666563e+00,2.875886229612538614e+02,3.104481178061831770e+02,9.558910272467798785e-01,2.875880282226616487e+02,1.183960731272278022e-01
2.000000000000000000e+00,2.875880282226616487e+02,3.104481720866384649e+02,9.560404626201768341e-01,3.500000000000000000e+02,0.000000000000000000e+00
2.033333333333333215e+00,3.500000000000000000e+02,3.146417834018150188e+02,9.559011978184154268e-01,3.172862476560781033e+02,2.119405532728319552e-01
2.066666666666666430e+00,3.172862476560781033e+02,3.163493628092248287e+02,9.553079767850628512e-01,2.992156756450218040e+02,1.550212396925072234e-01
2.100000000000000089e+00,2.992156756450218040e+02,3.167304130464595460e+02,9.545444705421280984e-01,2.951831863084203746e+02,1.423195651180146348e-01
2.133333333333333304e+00,2.951831863084203746e+02,3.168156550508159057e+02,9.537626032669166420e-01,2.942811071597704995e+02,1.394781649728026596e-01
2.166666666666666519e+00,2.942811071597704995e+02,3.168344507370728138e+02,9.529979791315233983e-01,2.940822005668889574e+02,1.388516420975742238e-01
2.200000000000000178e+00,2.940822005668889574e+02,3.168383071840632397e+02,9.522579903479400087e-01,2.940413894615634831e+02,1.387230938645581946e-01
2.233333333333333393e+00,2.940413894615634831e+02,3.168388153708201003e+02,9.515435738768227569e-01,2.940360115415996347e+02,1.387061543059961710e-01
2.266666666666666607e+00,2.940360115415996347e+02,3.168385828576997483e+02,9.508542333762679544e-01,2.940384721270731916e+02,1.387139047433412209e-01
2.299999999999999822e+00,2.940384721270731916e+02,3.168381959419807572e+02,9.501891756337254025e-01,2.940425666882584892e+02,1.387268019339761016e-01
2.333333333333333481e+00,2.940425666882584892e+02,3.168377861118649435e+02,9.495475647297658695e-01,2.940469037425634724e+02,1.387404629378347354e-01
2.366666666666666696e+00,2.940469037425634724e+02,3.168373825322884727e+02,9.489285783396412821e-01,2.940511746501225048e+02,1.387539155903837473e-01
2.399999999999999911e+00,2.940511746501225048e+02,3.168369913606812247e+02,9.483314195740607522e-01,2.940553142495266457e+02,1.387669546439586898e-01
2.433333333333333126e+00,2.940553142495266457e+02,3.168366135926806351e+02,9.477553188516323335e-01,2.940593120043769773e+02,1.387795469106468671e-01
2.466666666666666785e+00,2.940593120043769773e+02,3.168362490765881603e+02,9.471995335578670128e-01,2.940631695200330569e+02,1.387916974470608245e-01
2.500000000000000000e+00,2.940631695200330569e+02,3.168358974159763193e+02,9.466633472334252675e-01,2.940668909917152405e+02,1.388034194674555299e-01
2.533333333333333215e+00,2.940668909917152405e+02,3.168355581722412921e+02,9.461460686825993172e-01,2.940704810609773290e+02,1.388147275919564272e-01
2.566666666666666430e+00,2.940704810609773290e+02,3.168352309097057287e+02,9.456470310887731268e-01,2.940739443384037486e+02,1.388256363431437379e-01
2.600000000000000089e+00,2.940739443384037486e+02,3.168349152053159514e+02,9.451655911557319545e-01,2.940772853009879100e+02,1.388361598228011196e-01
2.633333333333333304e+00,2.940772853009879100e+02,3.168346106503958595e+02,9.447011282780205521e-01,2.940805082735717519e+02,1.388463116534708608e-01
2.666666666666666519e+00,2.940805082735717519e+02,3.168343168506287952e+02,9.442530437403547916e-01,3.500000000000000000e+02,0.000000000000000000e+00
2.700000000000000178e+00,3.500000000000000000e+02,3.206251015701198526e+02,9.434004891083698219e-01,3.280453503790655532e+02,2.458299476626707170e-01
2.733333333333333393e+00,3.280453503790655532e+02,3.227410660499859887e+02,9.418263352411223588e-01,3.056530163298638172e+02,1.752977983337997425e-01
2.766666666666666607e+00,3.056530163298638172e+02,3.232433010434801872e+02,9.399190309929202902e-01,3.003380812954948738e+02,1.585566318839931876e-01
2.799999999999999822e+00,3.003380812954948738e+02,3.233625538469821663e+02,9.379826342875057232e-01,2.990760806155548721e+02,1.545815384339292997e-01
2.833333333333333481e+00,2.990760806155548721e+02,3.233896634296354478e+02,9.360939036721683815e-01,2.987891916642122965e+02,1.536778856788178493e-01
2.866666666666666696e+00,2.987891916642122965e+02,3.233945819610082140e+02,9.342696492647476481e-01,2.987371409806689826e+02,1.535139346330589849e-01
2.899999999999999911e+00,2.987371409806689826e+02,3.233941990087811860e+02,9.325119739649525563e-01,2.987411935979383202e+02,1.535266997072932682e-01
2.933333333333333126e+00,2.987411935979383202e+02,3.233925942553227060e+02,9.308194808882506166e-01,2.987581760075444208e+02,1.535801914892446218e-01
2.966666666666666785e+00,2.987581760075444208e+02,3.233907512758088387e+02,9.291899997716758230e-01,2.987776794601368238e+02,1.536416241397048355e-01
3.000000000000000000e+00,2.987776794601368238e+02,3.233889055064709623e+02,9.276212424019932845e-01,2.987972124362263457e+02,1.537031497843007188e-01
3.033333333333333215e+00,2.987972124362263457e+02,3.233871117231591938e+02,9.261109581313965444e-01,2.988161952667564378e+02,1.537629425613596668e-01
3.066666666666666430e+00,2.988161952667564378e+02,3.233853811512503853e+02,9.246569688941347342e-01,2.988345091584342299e+02,1.538206282916553258e-01
3.100000000000000089e+00,2.988345091584342299e+02,3.233837145791226817e+02,9.232571752618163874e-01,2.988521457681956690e+02,1.538761806959100531e-01
3.133333333333333304e+00,2.988521457681956690e+02,3.233821103502941128e+02,9.219095556079878184e-01,2.988691226258710003e+02,1.539296549901957023e-01
3.166666666666666519e+00,2.988691226258710003e+02,3.233805662895151158e+02,9.206121636989079704e-01,2.988854627511825015e+02,1.539811236828309837e-01
3.200000000000000178e+00,2.988854627511825015e+02,3.233790801646883892e+02,9.193631259886403395e-01,2.989011897654473273e+02,1.540306611770531353e-01
3.233333333333333393e+00,2.989011897654473273e+02,3.233776497955861942e+02,9.181606389231470322e-01,2.989163267410698950e+02,1.540783401471263192e-01
3.266666666666666607e+00,2.989163267410698950e+02,3.233762730774774923e+02,9.170029663237012629e-01,2.989308959515055903e+02,1.541242307507497133e-01
3.299999999999999822e+00,2.989308959515055903e+02,3.233749479843404515e+02,9.158884368636269757e-01,2.989449188372645381e+02,1.541684005219864650e-01
3.333333333333333481e+00,2.989449188372645381e+02,3.233736725672550847e+02,9.148154416389090438e-01,3.500000000000000000e+02,0.000000000000000000e+00
3.366666666666666696e+00,3.500000000000000000e+02,3.268815561574428443e+02,9.131614171712275629e-01,3.359139688836958726e+02,2.706147947519042529e-01
3.399999999999999911e+00,3.359139688836958726e+02,3.293566503194461461e+02,9.103528892024839170e-01,3.097211212219461913e+02,1.881116560184611375e-01
3.433333333333333126e+00,3.097211212219461913e+02,3.299993765176708962e+02,9.069112998489756716e-01,3.029194287220171304e+02,1.666874494109717442e-01
3.466666666666666785e+00,3.029194287220171304e+02,3.301654470575287519e+02,9.033981970680106111e-01,3.011619762507621090e+02,1.611517647490410265e-01
3.500000000000000000e+00,3.011619762507621090e+02,3.302045248419918835e+02,8.999715560183829677e-01,3.007484330122401843e+02,1.598491719336033179e-01
3.533333333333333215e+00,3.007484330122401843e+02,3.302097340152362221e+02,8.966702127735636241e-01,3.006933065918691454e+02,1.596755328254586825e-01
3.566666666666666430e+00,3.006933065918691454e+02,3.302060642934255839e+02,8.935004119922668187e-01,3.007321416656303086e+02,1.597978568858154369e-01
3.600000000000000089e+00,3.007321416656303086e+02,3.302002240151313686e+02,8.904597777255781610e-01,3.007939467969302427e+02,1.599925328289538151e-01
3.633333333333333304e+00,3.007939467969302427e+02,3.301940062947183492e+02,8.875437912182542188e-01,3.008597462344150131e+02,1.601997901760544574e-01
3.666666666666666519e+00,3.008597462344150131e+02,3.301878835293127281e+02,8.847475224076249978e-01,3.009245408042540362e+02,1.604038823562418392e-01
3.699999999999999734e+00,3.009245408042540362e+02,3.301819738753858928e+02,8.820660866153131607e-01,3.009870801077745455e+02,1.606008708204718083e-01
3.733333333333333393e+00,3.009870801077745455e+02,3.301763008576311904e+02,8.794947600437021951e-01,3.010471151933532497e+02,1.607899714122930923e-01
3.766666666666666607e+00,3.010471151933532497e+02,3.301708630141421281e+02,8.770290043018981185e-01,3.011046615317123951e+02,1.609712328619284927e-01
3.799999999999999822e+00,3.011046615317123951e+02,3.301656525465909908e+02,8.746644669046985676e-01,3.011598016491708449e+02,1.611449151136352120e-01
3.833333333333333481e+00,3.011598016491708449e+02,3.301606602968210495e+02,8.723969756239865481e-01,3.012126324625276652e+02,1.613113234392977713e-01
3.866666666666666696e+00,3.012126324625276652e+02,3.301558770616851461e+02,8.702225314540943391e-01,3.012632513646964867e+02,1.614707646104945604e-01
3.899999999999999911e+00,3.012632513646964867e+02,3.301512939289362976e+02,8.681373014495319396e-01,3.013117526701203133e+02,1.616235357021228447e-01
3.933333333333333126e+00,3.013117526701203133e+02,3.301469023522682278e+02,8.661376117592564094e-01,3.013582268206507706e+02,1.617699215910606558e-01
3.966666666666666785e+00,3.013582268206507706e+02,3.301426941574840725e+02,8.642199409331633442e-01,3.014027603202663386e+02,1.619101947505303396e-01
4.000000000000000000e+00,3.014027603202663386e+02,3.301386615310314028e+02,8.623809135108416735e-01,3.500000000000000000e+02,0.000000000000000000e+00
4.033333333333333215e+00,3.500000000000000000e+02,3.335433012164698994e+02,8.596825305431435860e-01,3.394935741673054963e+02,2.818899594510023698e-01
4.066666666666666430e+00,3.394935741673054963e+02,3.363080883753826811e+02,8.551442383749968679e-01,3.102350312066811853e+02,1.897303874872433016e-01
4.099999999999999645e+00,3.102350312066811853e+02,3.371208025346725776e+02,8.494733805310783481e-01,3.016344298664891426e+02,1.626399155109135020e-01
4.133333333333332860e+00,3.016344298664891426e+02,3.373553161412380632e+02,8.436330798808281406e-01,2.991526741152634372e+02,1.548227952920681327e-01
4.166666666666666963e+00,2.991526741152634372e+02,3.374117931423138543e+02,8.379370265249179717e-01,2.985550025162266365e+02,1.529402285895376523e-01
4.200000000000000178e+00,2.985550025162266365e+02,3.374134505450117558e+02,8.324753955621778667e-01,2.985374629425624562e+02,1.528849818329409416e-01
4.233333333333333393e+00,2.985374629425624562e+02,3.373987804568440652e+02,8.272669913337659109e-01,2.986927101208151498e+02,1.533739847718639526e-01
4.266666666666666607e+00,2.986927101208151498e+02,3.373798042533060197e+02,8.223086482714745404e-01,2.988935270497630654e+02,1.540065248897987960e-01
4.299999999999999822e+00,2.988935270497630654e+02,3.373602395651340657e+02,8.175908175790826959e-01,2.991005716562692101e+02,1.546586811621972479e-01
4.333333333333333037e+00,2.991005716562692101e+02,3.373412040891281549e+02,8.131024156363981792e-01,2.993020158400283321e+02,1.552931970290609420e-01
4.366666666666666252e+00,2.993020158400283321e+02,3.373230055479584735e+02,8.088323066587329579e-01,2.994946031055318372e+02,1.558998150680544759e-01
4.400000000000000355e+00,2.994946031055318372e+02,3.373057018193125032e+02,8.047697382960703472e-01,2.996777209583237322e+02,1.564766060229159927e-01
4.433333333333333570e+00,2.996777209583237322e+02,3.372892755394678943e+02,8.009044538662645207e-01,2.998515531511445715e+02,1.570241486844029533e-01
4.466666666666666785e+00,2.998515531511445715e+02,3.372736847119683716e+02,7.972267094840977952e-01,3.000165441142702321e+02,1.575438429343870572e-01
4.500000000000000000e+00,3.000165441142702321e+02,3.372588917307186875e+02,7.937272492559113157e-01,3.001730918166907713e+02,1.580369423093765102e-01
4.533333333333333215e+00,3.001730918166907713e+02,3.372448529350115223e+02,7.903972889184051054e-01,3.003216583007289273e+02,1.585049021662820190e-01
4.566666666666666430e+00,3.003216583007289273e+02,3.372315274338978384e+02,7.872284911621362236e-01,3.004626762975572092e+02,1.589490855367381439e-01
4.599999999999999645e+00,3.004626762975572092e+02,3.372188768271337835e+02,7.842129414027061429e-01,3.005965521802959302e+02,1.593707724288733196e-01
4.633333333333332860e+00,3.005965521802959302e+02,3.372068650059190418e+02,7.813431250554779828e-01,3.007236680727125986e+02,1.597711664693689526e-01
4.666666666666666963e+00,3.007236680727125986e+02,3.371954579875833815e+02,7.786119061756988646e-01,3.500000000000000000e+02,0.000000000000000000e+00
4.700000000000000178e+00,3.500000000000000000e+02,3.407380050590834344e+02,7.745643233050566456e-01,3.374331078759520324e+02,2.753998313638845175e-01
4.733333333333333393e+00,3.374331078759520324e+02,3.437126231889200199e+02,7.676232963706706158e-01,3.059540147881859866e+02,1.762458937026653849e-01
4.766666666666666607e+00,3.059540147881859866e+02,3.447340875143322023e+02,7.588002888433924564e-01,2.951443010091441010e+02,1.421970828555927380e-01
4.799999999999999822e+00,2.951443010091441010e+02,3.450682370553310534e+02,7.496235022931189151e-01,2.916081413922742627e+02,1.310587648222977519e-01
4.833333333333333037e+00,2.916081413922742627e+02,3.451461505232313129e+02,7.406922701948703835e-01,2.907836169653496654e+02,1.284616492256224485e-01
4.866666666666666252e+00,2.907836169653496654e+02,3.451290648450737422e+02,7.322151590243609620e-01,2.909644272844274155e+02,1.290311718308782274e-01
4.900000000000000355e+00,2.909644272844274155e+02,3.450789593694406676e+02,7.242467219911462584e-01,2.914946717940803751e+02,1.307013543519772725e-01
4.933333333333333570e+00,2.914946717940803751e+02,3.450195659939557231e+02,7.167835987376102169e-01,2.921232061181785866e+02,1.326811335348087595e-01
4.966666666666666785e+00,2.921232061181785866e+02,3.449597390033183615e+02,7.098021988838747465e-01,2.927563292033047446e+02,1.346753665560541380e-01
5.000000000000000000e+00,2.927563292033047446e+02,3.449025859097840794e+02,7.032730858391076367e-01,2.933611555954972800e+02,1.365804696738635304e-01
5.033333333333333215e+00,2.933611555954972800e+02,3.448490312477551925e+02,6.971662860150904528e-01,2.939279013482987466e+02,1.383656250748264149e-01
5.066666666666666430e+00,2.939279013482987466e+02,3.447991945480179652e+02,6.914531304824980129e-01,2.944553015192583416e+02,1.400268483994006607e-01
5.099999999999999645e+00,2.944553015192583416e+02,3.447529158010351011e+02,6.861067991786736764e-01,2.949450494198867432e+02,1.415694732988294624e-01
5.133333333333332860e+00,2.949450494198867432e+02,3.447099519554587914e+02,6.811023947454633021e-01,2.953997171571468243e+02,1.430016014847102501e-01
5.166666666666666963e+00,2.953997171571468243e+02,3.446700480732862388e+02,6.764168562369219373e-01,2.958220026293131468e+02,1.443317308904581986e-01
5.200000000000000178e+00,2.958220026293131468e+02,3.446329614528772822e+02,6.720288266775644725e-01,2.962144742425444974e+02,1.455679515707567484e-01
5.233333333333333393e+00,2.962144742425444974e+02,3.445984684810543399e+02,6.679185149153478163e-01,2.965794983980812844e+02,1.467177172981881383e-01
5.266666666666666607e+00,2.965794983980812844e+02,3.445663653769267398e+02,6.640675650816761921e-01,2.969192316206763280e+02,1.477878207691081525e-01
5.299999999999999822e+00,2.969192316206763280e+02,3.445364669443032994e+02,6.604589372630242927e-01,2.972356337612708330e+02,1.487844351898894857e-01
5.333333333333333037e+00,2.972356337612708330e+02,3.445086048138745127e+02,6.570767995368850256e-01,3.500000000000000000e+02,0.000000000000000000e+00
5.366666666666666252e+00,3.500000000000000000e+02,3.484129063953286618e+02,6.516895455971533080e-01,3.302909198499927470e+02,2.529031201557170871e-01
5.400000000000000355e+00,3.302909198499927470e+02,3.515425105080303751e+02,6.419575617093042919e-01,2.971716773484330929e+02,1.485829830656536232e-01
5.433333333333333570e+00,2.971716773484330929e+02,3.528031757122797103e+02,6.294014205258361416e-01,2.838306044493539275e+02,1.065608095906759450e-01
5.466666666666666785e+00,2.838306044493539275e+02,3.532587242606723521e+02,6.162476493211379580e-01,2.790097318079179445e+02,9.137585797758793205e-02
5.500000000000000000e+00,2.790097318079179445e+02,3.533409726037814380e+02,6.035670480588654074e-01,2.781393332774055125e+02,8.863424654061842489e-02
5.533333333333333215e+00,2.781393332774055125e+02,3.532551278032570963e+02,5.918071343044941646e-01,2.790477915563695319e+02,9.149573989142979757e-02
5.566666666666666430e+00,2.790477915563695319e+02,3.531031405628966695e+02,5.810990761549907901e-01,2.806562065792825251e+02,9.656198123677733891e-02
5.599999999999999645e+00,2.806562065792825251e+02,3.529343228935484831e+02,5.714264396913537603e-01,2.824427307300524603e+02,1.021892368817168689e-01
5.633333333333332860e+00,2.824427307300524603e+02,3.527707264224856658e+02,5.627129107576989142e-01,2.841740012046594757e+02,1.076424525838136220e-01
5.666666666666666963e+00,2.841740012046594757e+02,3.526208031904017730e+02,5.548646260299522348e-01,2.857605737234811158e+02,1.126398936532738287e-01
5.700000000000000178e+00,2.857605737234811158e+02,3.524866598383382552e+02,5.477887151157490031e-01,2.871801546183721143e+02,1.171113387220577423e-01
5.733333333333333393e+00,2.871801546183721143e+02,3.523677242981133872e+02,5.414002559333761511e-01,2.884387978386997133e+02,1.210758567295533300e-01
5.766666666666666607e+00,2.884387978386997133e+02,3.522624831656548281e+02,5.356240267837335534e-01,2.895525190831496616e+02,1.245838944781719609e-01
5.799999999999999822e+00,2.895525190831496616e+02,3.521692410679104341e+02,5.303941596214416521e-01,2.905392597491710376e+02,1.276919644029850809e-01
5.833333333333333037e+00,2.905392597491710376e+02,3.520864149834782779e+02,5.256530984531081474e-01,2.914157722654442750e+02,1.304528338840569290e-01
5.866666666666666252e+00,2.914157722654442750e+02,3.520126225957030783e+02,5.213504454037026781e-01,2.921966850893945775e+02,1.329125801432337883e-01
5.900000000000000355e+00,2.921966850893945775e+02,3.519466875481250554e+02,5.174419058255548265e-01,2.928944470910564633e+02,1.351104150624976852e-01
5.933333333333333570e+00,2.928944470910564633e+02,3.518876162180316101e+02,5.138883880350151312e-01,2.935195733485004439e+02,1.370794593989458354e-01
5.966666666666666785e+00,2.935195733485004439e+02,3.518345684503294137e+02,5.106552543562686841e-01,2.940809548585658604e+02,1.388477183223523759e-01
6.000000000000000000e+00,2.940809548585658604e+02,3.517868304117727121e+02,5.077117020603363340e-01,3.500000000000000000e+02,0.000000000000000000e+00
6.033333333333333215e+00,3.500000000000000000e+02,3.560262282486385175e+02,5.020460380654185872e-01,3.238004007748052118e+02,2.324590583787152498e-01
6.066666666666666430e+00,3.238004007748052118e+02,3.593179171378002934e+02,4.906081392377076855e-01,2.889658854067497487e+02,1.227360954066564480e-01
6.099999999999999645e+00,2.889658854067497487e+02,3.607891913267844757e+02,4.755168876878368978e-01,2.733960289979189042e+02,7.369362244051722022e-02
6.133333333333332860e+00,2.733960289979189042e+02,3.613184469339103089e+02,4.597516688230811610e-01,2.677951465327631695e+02,5.605176886965766714e-02
6.166666666666666963e+00,2.677951465327631695e+02,3.613284923825007127e+02,4.449731269841562531e-01,2.676888399086913068e+02,5.571692058330938307e-02
6.200000000000000178e+00,2.676888399086913068e+02,3.610788742434150436e+02,4.319216826557678024e-01,2.703304403742624800e+02,6.403752521949832022e-02
6.233333333333333393e+00,2.703304403742624800e+02,3.607326372667569103e+02,4.207630339233049965e-01,2.739945160784090490e+02,7.557875777476938395e-02
6.266666666666666607e+00,2.739945160784090490e+02,3.603810949005629141e+02,4.113663758110517321e-01,2.777147364181950593e+02,8.729683664790255371e-02
6.299999999999999822e+00,2.777147364181950593e+02,3.600658768353506503e+02,4.034892444674690326e-01,2.810505524405049300e+02,9.780410548831131035e-02
6.333333333333333037e+00,2.810505524405049300e+02,3.597994304669579719e+02,3.968765521106957239e-01,2.838702387556660369e+02,1.066856511014005610e-01
6.366666666666666252e+00,2.838702387556660369e+02,3.595801063609787889e+02,3.913019825266203511e-01,2.861912506123676394e+02,1.139964546340430096e-01
6.400000000000000355e+00,2.861912506123676394e+02,3.594010903244382575e+02,3.865787182471547290e-01,2.880856996584276999e+02,1.199636558520576490e-01
6.433333333333333570e+00,2.880856996584276999e+02,3.592547645136833694e+02,3.825569996072367140e-01,2.896342022281168624e+02,1.248411828772205828e-01
6.466666666666666785e+00,2.896342022281168624e+02,3.591344108406644295e+02,3.791176796513804348e-01,2.909078529325270779e+02,1.288529719778518934e-01
6.500000000000000000e+00,2.909078529325270779e+02,3.590346273251441858e+02,3.761655993704158263e-01,2.919638185847833824e+02,1.321790891618599972e-01
6.533333333333333215e+00,2.919638185847833824e+02,3.589512336236563783e+02,3.736240584274196919e-01,2.928463379460878286e+02,1.349588792114535807e-01
6.566666666666666430e+00,2.928463379460878286e+02,3.588810317403273871e+02,3.714305576093578920e-01,2.935892540192751312e+02,1.372989419890865981e-01
6.599999999999999645e+00,2.935892540192751312e+02,3.588215678052550288e+02,3.695336229548626950e-01,2.942185350448736472e+02,1.392810731581652084e-01
6.633333333333332860e+00,2.942185350448736472e+02,3.587709390220705359e+02,3.678904537396564534e-01,2.947543174912991617e+02,1.409686992643187364e-01
6.666666666666666963e+00,2.947543174912991617e+02,3.587276496135309571e+02,3.664651693490628137e-01,3.500000000000000000e+02,0.000000000000000000e+00
6.700000000000000178e+00,3.500000000000000000e+02,3.629995975375360899e+02,3.619102258277758222e-01,3.240822220362902044e+02,2.333467487487961844e-01
6.733333333333333393e+00,3.240822220362902044e+02,3.664900759212358139e+02,3.508007827007566526e-01,2.871440036951833008e+02,1.169974692921391252e-01
6.766666666666666607e+00,2.871440036951833008e+02,3.680806365839738419e+02,3.356301682721458679e-01,2.703117902887451578e+02,6.397878053420504030e-02
6.799999999999999822e+00,2.703117902887451578e+02,3.685681647769928873e+02,3.201094530428874041e-01,2.651524909430506796e+02,4.772784076690358979e-02
6.833333333333333037e+00,2.651524909430506796e+02,3.684111849129466805e+02,3.063508651462659160e-01,2.668137407363096258e+02,5.296050290177713171e-02
6.866666666666666252e+00,2.668137407363096258e+02,3.679526317388887833e+02,2.951542175641429511e-01,2.716664100275615397e+02,6.824560870370698085e-02
6.899999999999999467e+00,2.716664100275615397e+02,3.674246942938945608e+02,2.864823721500416864e-01,2.772533429547819424e+02,8.584352353684995829e-02
6.933333333333333570e+00,2.772533429547819424e+02,3.669488565612905973e+02,2.799268888583964499e-01,2.822889272299756840e+02,1.017047812903130594e-01
6.966666666666666785e+00,2.822889272299756840e+02,3.665664357985065180e+02,2.750078909128639282e-01,2.863359202438439866e+02,1.144521400497823249e-01
7.000000000000000000e+00,2.863359202438439866e+02,3.662763674627610726e+02,2.713071744805312102e-01,2.894055875907736208e+02,1.241210845746304747e-01
7.033333333333333215e+00,2.894055875907736208e+02,3.660619837074070233e+02,2.685016266573557742e-01,2.916743178602504827e+02,1.312672097530987458e-01
7.066666666666666430e+00,2.916743178602504827e+02,3.659046118207612039e+02,2.663546484801842529e-01,2.933397162585965816e+02,1.365129393079593800e-01
7.099999999999999645e+00,2.933397162585965816e+02,3.657885913185209574e+02,2.646964070478364239e-01,2.945675108966635207e+02,1.403802893826342491e-01
7.133333333333332860e+00,2.945675108966635207e+02,3.657022024678733487e+02,2.634051688213416287e-01,2.954817266220383658e+02,1.432599177375583621e-01
7.166666666666666963e+00,2.954817266220383658e+02,3.656371011305262755e+02,2.623928838761076521e-01,2.961706658300431059e+02,1.454299623157903065e-01
7.200000000000000178e+00,2.961706658300431059e+02,3.655874567931405181e+02,2.615949875750560039e-01,2.966960303136962125e+02,1.470847735619822128e-01
7.233333333333333393e+00,2.966960303136962125e+02,3.655491970283986234e+02,2.609634158140177740e-01,2.971009168044176931e+02,1.483600990533786856e-01
7.266666666666666607e+00,2.971009168044176931e+02,3.655194483769743670e+02,2.604618696891231044e-01,2.974157338755659907e+02,1.493517207675205682e-01
7.299999999999999822e+00,2.974157338755659907e+02,3.654961513893233018e+02,2.600625876955976468e-01,2.976622757881484631e+02,1.501282870225560673e-01
7.333333333333333037e+00,2.976622757881484631e+02,3.654778038549600296e+02,2.597441136327943156e-01,3.500000000000000000e+02,0.000000000000000000e+00
7.366666666666666252e+00,3.500000000000000000e+02,3.696032103747725159e+02,2.561428016856446832e-01,3.282770154016205879e+02,2.465596541742486048e-01
7.399999999999999467e+00,3.282770154016205879e+02,3.732808410787418438e+02,2.457521782797291721e-01,2.893582452537910399e+02,1.239719640419413987e-01
7.433333333333333570e+00,2.893582452537910399e+02,3.748841393147651502e+02,2.313945349915266236e-01,2.723912356356516398e+02,7.052868950782807678e-02
7.466666666666666785e+00,2.723912356356516398e+02,3.752059618945863804e+02,2.174899659857339740e-01,2.689855269006974368e+02,5.980127018045377357e-02
7.500000000000000000e+00,2.689855269006974368e+02,3.748154592724833378e+02,2.062860904444041854e-01,2.731180467253089432e+02,7.281802425055514116e-02
7.533333333333333215e+00,2.731180467253089432e+02,3.741723337079465068e+02,1.982441433372615358e-01,2.799239655456481159e+02,9.425554306844943775e-02
7.566666666666666430e+00,2.799239655456481159e+02,3.735562065625460946e+02,1.928788045507065230e-01,2.864441718099139393e+02,1.147931145817964460e-01
7.599999999999999645e+00,2.864441718099139393e+02,3.730760400951076008e+02,1.894565935231678766e-01,2.915255652077785840e+02,1.307986634964128370e-01
7.633333333333332860e+00,2.915255652077785840e+02,3.727405079652030508e+02,1.873324616475338100e-01,2.950763561631817993e+02,1.419830678265682489e-01
7.666666666666666963e+00,2.950763561631817993e+02,3.725203514258677728e+02,1.860358193082849443e-01,2.974061773009276521e+02,1.493216191377403634e-01
7.700000000000000178e+00,2.974061773009276521e+02,3.723812229187843172e+02,1.852525763929031011e-01,2.988785139285143941e+02,1.539592360405222238e-01
7.733333333333333393e+00,2.988785139285143941e+02,3.722952886523886491e+02,1.847827450351938183e-01,2.997879189859785924e+02,1.568237115870444731e-01
7.766666666666666607e+00,2.997879189859785924e+02,3.722429618074801283e+02,1.845023174369782026e-01,3.003416712829011317e+02,1.585679397506618293e-01
7.799999999999999822e+00,3.003416712829011317e+02,3.722113906883460572e+02,1.843355914948029972e-01,3.006757747391188786e+02,1.596203103884641927e-01
7.833333333333333037e+00,3.006757747391188786e+02,3.721924610597205287e+02,1.842367985117006335e-01,3.008760987859748184e+02,1.602512980093151462e-01
7.866666666666666252e+00,3.008760987859748184e+02,3.721811606376737700e+02,1.841784634917129904e-01,3.009956862496471786e+02,1.606279787442070894e-01
7.899999999999999467e+00,3.009956862496471786e+02,3.721744433940573344e+02,1.841441072254427491e-01,3.010667719244685827e+02,1.608518868647592359e-01
7.933333333333333570e+00,3.010667719244685827e+02,3.721704633274258640e+02,1.841239266143102071e-01,3.011088912428208459e+02,1.609845557524706150e-01
7.966666666666666785e+00,3.011088912428208459e+02,3.721681100282934267e+02,1.841121212630954518e-01,3.011337951865272089e+02,1.610629990568852032e-01
8.000000000000000000e+00,3.011337951865272089e+02,3.721667235349175371e+02,1.841052362094028894e-01,3.500000000000000000e+02,0.000000000000000000e+00
8.033333333333333215e+00,3.500000000000000000e+02,3.760628978116877761e+02,1.808750787589521181e-01,3.339949088344722554e+02,2.645700729437398535e-01
8.066666666666666430e+00,3.339949088344722554e+02,3.798659066916637812e+02,1.710752290434590095e-01,2.937493158470650201e+02,1.378031102778734807e-01
8.099999999999999645e+00,2.937493158470650201e+02,3.813554542850356484e+02,1.579706716884248241e-01,2.779860799277751653e+02,8.815152383214473752e-02
8.133333333333332860e+00,2.779860799277751653e+02,3.814088955619165517e+02,1.464927274460498530e-01,2.774205340808010192e+02,8.637014793611463848e-02
8.166666666666666075e+00,2.774205340808010192e+02,3.807893859962808847e+02,1.385061734704733649e-01,2.839765350309054952e+02,1.070204667906368007e-01
8.199999999999999289e+00,2.839765350309054952e+02,3.800619755678487763e+02,1.337692267123376522e-01,2.916744039976639442e+02,1.312674810717069929e-01
8.233333333333332504e+00,2.916744039976639442e+02,3.794878218213886498e+02,1.313109714719073451e-01,2.977504239916995630e+02,1.504059392870444600e-01
8.266666666666665719e+00,2.977504239916995630e+02,3.791139924832012298e+02,1.302165619057073787e-01,3.017064976865732433e+02,1.628669172266337672e-01
8.300000000000000711e+00,3.017064976865732433e+02,3.789001486076206788e+02,1.298472563945234914e-01,3.039695146426413430e+02,1.699950464126434302e-01
8.333333333333333925e+00,3.039695146426413430e+02,3.787913317939941180e+02,1.298174696233657666e-01,3.051210757695322400e+02,1.736222735335287704e-01
8.366666666666667140e+00,3.051210757695322400e+02,3.787436416125160576e+02,1.299172665982699926e-01,3.056257602690524209e+02,1.752119462494641233e-01
8.400000000000000355e+00,3.056257602690524209e+02,3.787280442665806390e+02,1.300439184426048500e-01,3.057908202139570903e+02,1.757318577806447346e-01
8.433333333333333570e+00,3.057908202139570903e+02,3.787273209068486608e+02,1.301546134807106403e-01,3.057984752161606821e+02,1.757559697717106795e-01
8.466666666666666785e+00,3.057984752161606821e+02,3.787321697542862466e+02,1.302369876977929330e-01,3.057471619674699923e+02,1.755943415237911642e-01
8.500000000000000000e+00,3.057471619674699923e+02,3.787380689502929840e+02,1.302922728438444255e-01,3.056847333355806313e+02,1.753977016568999125e-01
8.533333333333333215e+00,3.056847333355806313e+02,3.787431549818904273e+02,1.303264188907816978e-01,3.056309100698318844e+02,1.752281672703184801e-01
8.566666666666666430e+00,3.056309100698318844e+02,3.787469096895952703e+02,1.303458807128504426e-01,3.055911756272247430e+02,1.751030103468237120e-01
8.599999999999999645e+00,3.055911756272247430e+02,3.787494149079814179e+02,1.303560195957542966e-01,3.055646639879686859e+02,1.750195030672854479e-01
8.633333333333332860e+00,3.055646639879686859e+02,3.787509539208193701e+02,1.303606869295051429e-01,3.055483772828272322e+02,1.749682026393536982e-01
8.666666666666666075e+00,3.055483772828272322e+02,3.787518263672787384e+02,1.303624038403274898e-01,3.500000000000000000e+02,0.000000000000000000e+00
8.699999999999999289e+00,3.500000000000000000e+02,3.822951445502171737e+02,1.274448006186180427e-01,3.421197084999663502e+02,2.901618483260931525e-01
8.733333333333332504e+00,3.421197084999663502e+02,3.861864166206809159e+02,1.186005268984694494e-01,3.009400644618653473e+02,1.604527793106355626e-01
8.766666666666665719e+00,3.009400644618653473e+02,3.874883301074827955e+02,1.074317679540476855e-01,2.871624788846856973e+02,1.170556630839126450e-01
8.800000000000000711e+00,2.871624788846856973e+02,3.872828229963984086e+02,9.892423077884970883e-02,2.893372714791145768e+02,1.239059001200526061e-01
8.833333333333333925e+00,2.893372714791145768e+02,3.865548912643823769e+02,9.409519499076036964e-02,2.970406571755267464e+02,1.481702911872535833e-01
8.866666666666667140e+00,2.970406571755267464e+02,3.858921970456443660e+02,9.198702231650586481e-02,3.040536625731386948e+02,1.702600984785205274e-01
8.900000000000000355e+00,3.040536625731386948e+02,3.854680092537839187e+02,9.139399657492003337e-02,3.085426579345037794e+02,1.843996915405353987e-01
8.933333333333333570e+00,3.085426579345037794e+02,3.852524859953240366e+02,9.146871404083535551e-02,3.108234470709600714e+02,1.915838001558647641e-01
8.966666666666666785e+00,3.108234470709600714e+02,3.851685234514455374e+02,9.174395307340928174e-02,3.117119862444848764e+02,1.943825516184813917e-01
9.000000000000000000e+00,3.117119862444848764e+02,3.851518759786212058e+02,9.200975043592642122e-02,3.118881592266424150e+02,1.949374673792924340e-01
9.033333333333333215e+00,3.118881592266424150e+02,3.851622911672718033e+02,9.219888829775683969e-02,3.117779398039305647e+02,1.945902944242725308e-01
9.066666666666666430e+00,3.117779398039305647e+02,3.851788884591269948e+02,9.230997457154914432e-02,3.116022978651977269e+02,1.940370513624328219e-01
9.099999999999999645e+00,3.116022978651977269e+02,3.851929765097550558e+02,9.236407766908091843e-02,3.114532101377016602e+02,1.935674496748307771e-01
9.133333333333332860e+00,3.114532101377016602e+02,3.852023208427231680e+02,9.238404814444189928e-02,3.113543231160716118e+02,1.932559719092270534e-01
9.166666666666666075e+00,3.113543231160716118e+02,3.852074902896348476e+02,9.238701073568858502e-02,3.112996171022432463e+02,1.930836570121710616e-01
9.199999999999999289e+00,3.112996171022432463e+02,3.852098190850293804e+02,9.238345060162118927e-02,3.112749724709638031e+02,1.930060304990199593e-01
9.233333333333332504e+00,3.112749724709638031e+02,3.852105520963591516e+02,9.237868301864478326e-02,3.112672153300882201e+02,1.929815967880275929e-01
9.266666666666665719e+00,3.112672153300882201e+02,3.852105469190218514e+02,9.237482450636727571e-02,3.112672701196030403e+02,1.929817693659478806e-01
9.300000000000000711e+00,3.112672701196030403e+02,3.852102929975795291e+02,9.237234186408375958e-02,3.112699572600593001e+02,1.929902334140150000e-01
9.333333333333333925e+00,3.112699572600593001e+02,3.852100259374664688e+02,9.237101061711304462e-02,3.500000000000000000e+02,0.000000000000000000e+00
9.366666666666667140e+00,3.500000000000000000e+02,3.882753921480846770e+02,8.992792497123143491e-02,3.500000000000000000e+02,0.000000000000000000e+00
9.400000000000000355e+00,3.500000000000000000e+02,3.920405116335234084e+02,8.261739357534632344e-02,3.130666797738106766e+02,1.986496122158856736e-01
9.433333333333333570e+00,3.130666797738106766e+02,3.933194765369923402e+02,7.387727332753350751e-02,2.995319490974747509e+02,1.560174487669214460e-01
9.466666666666666785e+00,2.995319490974747509e+02,3.930428167381618323e+02,6.805172230287497015e-02,3.024597197157176538e+02,1.652394420612716686e-01
9.500000000000000000e+00,3.024597197157176538e+02,3.923730747716621181e+02,6.546166631223802879e-02,3.095473083701263022e+02,1.875641742779287358e-01
9.533333333333333215e+00,3.095473083701263022e+02,3.918654056791432936e+02,6.481050559461097593e-02,3.149197501168118833e+02,2.044864773618894904e-01
9.566666666666666430e+00,3.149197501168118833e+02,3.916067186238009867e+02,6.496096867504272399e-02,3.176573229884489820e+02,2.131093792066330317e-01
9.599999999999999645e+00,3.176573229884489820e+02,3.915184023115359082e+02,6.528862722458250722e-02,3.185919362038647478e+02,2.160532562821356195e-01
9.633333333333332860e+00,3.185919362038647478e+02,3.915123594404979599e+02,6.554828408919360916e-02,3.186558852862739855e+02,2.162546853167338912e-01
9.666666666666666075e+00,3.186558852862739855e+02,3.915326527359150077e+02,6.569297376257536569e-02,3.184411301454096019e+02,2.155782421361656376e-01
9.699999999999999289e+00,3.184411301454096019e+02,3.915532889236818050e+02,6.575075431617603827e-02,3.182227463235765299e+02,2.148903692106057250e-01
9.733333333333332504e+00,3.182227463235765299e+02,3.915664790988225832e+02,6.576168490262139510e-02,3.180831604228063725e+02,2.144506967059131297e-01
9.766666666666665719e+00,3.180831604228063725e+02,3.915726308972360812e+02,6.575480428863623994e-02,3.180180586092418480e+02,2.142456367588079502e-01
9.800000000000000711e+00,3.180180586092418480e+02,3.915744593191504350e+02,6.574518033658893756e-02,3.179987092134085742e+02,2.141846893616514147e-01
9.833333333333333925e+00,3.179987092134085742e+02,3.915743374566664556e+02,6.573827361795681057e-02,3.179999988312047776e+02,2.141887514444507090e-01
9.866666666666667140e+00,3.179999988312047776e+02,3.915736842017725508e+02,6.573470704253592256e-02,3.180069119443230647e+02,2.142105266075808867e-01
9.900000000000000355e+00,3.180069119443230647e+02,3.915731138108575919e+02,6.573343624833365151e-02,3.180129481439038841e+02,2.142295396380795025e-01
9.933333333333333570e+00,3.180129481439038841e+02,3.915727769414241379e+02,6.573331127898274229e-02,3.180165130869625045e+02,2.142407686191946381e-01
9.966666666666666785e+00,3.180165130869625045e+02,3.915726327470436559e+02,6.573357102484390924e-02,3.180180390335303855e+02,2.142455750985440555e-01
1.000000000000000000e+01,3.180180390335303855e+02,3.915725967565061865e+02,6.573385616441902723e-02,3.180180390335303855e+02,2.142455750985440555e-01
