0.000000000000000000e+00,3.000000000000000000e+02,3.244754434315989897e+02,8.772529460809700419e-01,3.000000000000000000e+02
3.333333333333333287e-02,2.500000000000000000e+02,3.210539903874181960e+02,8.777833148509553984e-01,3.000000000000000000e+02
6.666666666666666574e-02,2.500000000000000000e+02,3.177939378449736978e+02,8.791571628540204575e-01,3.000000000000000000e+02
1.000000000000000056e-01,2.500000000000000000e+02,3.147264494833665935e+02,8.811140299384584429e-01,3.000000000000000000e+02
1.333333333333333315e-01,2.500000000000000000e+02,3.118669011064122287e+02,8.834651032827367523e-01,3.000000000000000000e+02
1.666666666666666574e-01,2.500000000000000000e+02,3.092195831846203760e+02,8.860752402522621418e-01,3.000000000000000000e+02
2.000000000000000111e-01,2.500000000000000000e+02,3.067813956968976754e+02,8.888482819025830262e-01,3.000000000000000000e+02
2.333333333333333370e-01,2.500000000000000000e+02,3.045445634549996043e+02,8.917159020675285985e-01,3.000000000000000000e+02
2.666666666666666630e-01,2.500000000000000000e+02,3.024985463727602450e+02,8.946295130728433298e-01,3.000000000000000000e+02
2.999999999999999889e-01,2.500000000000000000e+02,3.006313382146642539e+02,8.975544864657767352e-01,3.000000000000000000e+02
3.333333333333333148e-01,2.500000000000000000e+02,2.989303330425485115e+02,9.004661071197461730e-01,3.000000000000000000e+02
3.666666666666666408e-01,2.500000000000000000e+02,2.973829002272211142e+02,9.033467615251754568e-01,3.000000000000000000e+02
4.000000000000000222e-01,2.500000000000000000e+02,2.959767336298328360e+02,9.061839144681479441e-01,3.000000000000000000e+02
4.333333333333333481e-01,2.500000000000000000e+02,2.947000711236117354e+02,9.089687151114985708e-01,3.000000000000000000e+02
4.666666666666666741e-01,2.500000000000000000e+02,2.935418196700284739e+02,9.116950029303438896e-01,3.000000000000000000e+02
5.000000000000000000e-01,2.500000000000000000e+02,2.924916144248641672e+02,9.143585939383626071e-01,3.000000000000000000e+02
5.333333333333333259e-01,2.500000000000000000e+02,2.915398405541847637e+02,9.169567685706810911e-01,3.000000000000000000e+02
5.666666666666666519e-01,2.500000000000000000e+02,2.906776173260182645e+02,9.194878957053322921e-01,3.000000000000000000e+02
5.999999999999999778e-01,2.553264647848396578e+02,2.902503972444417855e+02,9.219478552233596469e-01,3.000000000000000000e+02
6.333333333333333037e-01,2.704421441627889635e+02,2.908671229633803250e+02,9.243246809667367003e-01,3.000000000000000000e+02
6.666666666666666297e-01,2.799043048256518773e+02,2.920541807074829990e+02,9.266050894020201323e-01,3.070000000000000000e+02
6.999999999999999556e-01,3.269905086286070173e+02,2.962585826635730086e+02,9.287440078448229164e-01,3.070000000000000000e+02
7.333333333333332815e-01,3.246319647625142011e+02,2.999209013533887287e+02,9.306845621171530025e-01,3.070000000000000000e+02
7.666666666666666075e-01,3.180405913578070454e+02,3.028177818922916913e+02,9.324131992166083682e-01,3.070000000000000000e+02
8.000000000000000444e-01,3.079397418666238195e+02,3.047902947733676342e+02,9.339433455272677653e-01,3.070000000000000000e+02
8.333333333333333703e-01,3.027060286798216566e+02,3.062471869132344864e+02,9.353027470454557957e-01,3.070000000000000000e+02
8.666666666666666963e-01,2.969406489669856342e+02,3.071988159528013966e+02,9.365212244544565134e-01,3.070000000000000000e+02
9.000000000000000222e-01,2.922502457367494344e+02,3.077598111465141528e+02,9.376334976653982745e-01,3.070000000000000000e+02
9.333333333333333481e-01,2.886036977261111929e+02,3.080320630844386756e+02,9.386704741829792198e-01,3.070000000000000000e+02
9.666666666666666741e-01,2.859474754940791286e+02,3.081050795379963461e+02,9.396564042266440930e-01,3.070000000000000000e+02
1.000000000000000000e+00,2.841036820567262566e+02,3.080491014050936087e+02,9.406082566037697879e-01,3.070000000000000000e+02
1.033333333333333215e+00,2.829172129445960309e+02,3.079183947968773509e+02,9.415367413310119504e-01,3.070000000000000000e+02
1.066666666666666652e+00,2.822807971032076466e+02,3.077557412569813664e+02,9.424475271493754081e-01,3.070000000000000000e+02
1.100000000000000089e+00,2.820099906367814242e+02,3.075881864977217219e+02,9.433427347856971901e-01,3.070000000000000000e+02
1.133333333333333304e+00,2.819895091934501465e+02,3.074329032915188122e+02,9.442223582180869768e-01,3.070000000000000000e+02
1.166666666666666741e+00,2.821229656459544799e+02,3.072992303381148531e+02,9.450852281418239409e-01,3.070000000000000000e+02
1.199999999999999956e+00,2.823366839872672358e+02,3.071908136940651843e+02,9.459296981110827396e-01,3.070000000000000000e+02
1.233333333333333393e+00,2.845219895207470699e+02,3.072374844879498710e+02,9.467482605322508071e-01,3.070000000000000000e+02
1.266666666666666607e+00,3.197000291706169719e+02,3.096348700088817054e+02,9.474208804027780539e-01,3.070000000000000000e+02
1.300000000000000044e+00,3.040440619986497381e+02,3.107977962673313073e+02,9.478842413332476680e-01,3.070000000000000000e+02
1.333333333333333259e+00,2.935552779284313942e+02,3.111699186655010294e+02,9.482424148430611544e-01,3.140000000000000000e+02
1.366666666666666696e+00,3.279730369330447388e+02,3.138277683514294267e+02,9.483848999492971998e-01,3.140000000000000000e+02
1.399999999999999911e+00,3.154193502113351428e+02,3.154585426803014343e+02,9.482003038489200675e-01,3.140000000000000000e+02
1.433333333333333348e+00,3.026402325818505119e+02,3.161222736562579598e+02,9.478258096512294228e-01,3.140000000000000000e+02
1.466666666666666563e+00,2.966905504821761497e+02,3.163428496225793651e+02,9.473836144609658616e-01,3.140000000000000000e+02
1.500000000000000000e+00,2.915044865458558547e+02,3.161992477146591227e+02,9.469501953198423694e-01,3.140000000000000000e+02
1.533333333333333215e+00,2.900322134725794285e+02,3.159647681716489274e+02,9.465674435859949831e-01,3.140000000000000000e+02
1.566666666666666652e+00,2.886648578823720186e+02,3.156523019174185833e+02,9.462483709756688288e-01,3.140000000000000000e+02
1.600000000000000089e+00,2.878803835387486174e+02,3.153063943695431135e+02,9.459994173145954699e-01,3.140000000000000000e+02
1.633333333333333304e+00,2.892358281737228936e+02,3.150739189436396828e+02,9.458094785932399384e-01,3.140000000000000000e+02
1.666666666666666741e+00,2.903211869782533654e+02,3.149295729193322018e+02,9.456582882233165455e-01,3.140000000000000000e+02
1.699999999999999956e+00,2.897346553853665228e+02,3.147549874190173682e+02,9.455392976368361957e-01,3.140000000000000000e+02
1.733333333333333393e+00,2.895230819052696347e+02,3.145775130750535027e+02,9.454537354285768025e-01,3.140000000000000000e+02
1.766666666666666607e+00,2.895640743227859844e+02,3.144144645831996741e+02,9.453990548811590511e-01,3.140000000000000000e+02
1.800000000000000044e+00,2.900627404684020689e+02,3.142958152968502077e+02,9.453690268368252214e-01,3.140000000000000000e+02
1.833333333333333259e+00,2.902118351851624993e+02,3.141951090374910223e+02,9.453575981931848782e-01,3.140000000000000000e+02
1.866666666666666696e+00,2.904138288412471525e+02,3.141147464033409733e+02,9.453609346196928387e-01,3.140000000000000000e+02
1.899999999999999911e+00,2.906302148721706544e+02,3.140543571874663940e+02,9.453752482475691332e-01,3.140000000000000000e+02
1.933333333333333348e+00,2.908357793909790985e+02,3.140118849739719735e+02,9.453971312157103402e-01,3.140000000000000000e+02
1.966666666666666563e+00,2.910158662074169342e+02,3.139844112219655017e+02,9.454237062270629544e-01,3.140000000000000000e+02
2.000000000000000000e+00,2.911637338846604166e+02,3.139687610176901558e+02,9.454527167174969771e-01,3.210000000000000000e+02
2.033333333333333215e+00,3.330349242630349522e+02,3.167781632934323852e+02,9.452408328149584094e-01,3.210000000000000000e+02
2.066666666666666430e+00,3.211395077535223095e+02,3.186136738020182975e+02,9.445927003809693190e-01,3.210000000000000000e+02
2.100000000000000089e+00,3.152158411625574104e+02,3.199482037645387891e+02,9.436126897230369126e-01,3.210000000000000000e+02
2.133333333333333304e+00,3.001656492376557139e+02,3.201926351796056451e+02,9.424761349821759726e-01,3.210000000000000000e+02
2.166666666666666519e+00,2.998015343922236298e+02,3.203999725572742250e+02,9.413225140759475806e-01,3.210000000000000000e+02
2.200000000000000178e+00,2.995921880716156807e+02,3.205826433033898866e+02,9.401596265962612886e-01,3.210000000000000000e+02
2.233333333333333393e+00,2.995340684701801592e+02,3.207522039107680598e+02,9.389921439807246140e-01,3.210000000000000000e+02
2.266666666666666607e+00,2.993130260477780098e+02,3.208982437609930685e+02,9.378246451531553340e-01,3.210000000000000000e+02
2.299999999999999822e+00,2.994565510438638967e+02,3.210467496172685173e+02,9.366595170812748172e-01,3.210000000000000000e+02
2.333333333333333481e+00,2.991171121330248752e+02,3.211647508486924494e+02,9.355002181845900600e-01,3.210000000000000000e+02
2.366666666666666696e+00,2.985070303115917341e+02,3.212351711200752220e+02,9.343570569091403932e-01,3.210000000000000000e+02
2.399999999999999911e+00,2.983396822353286097e+02,3.212903109845792073e+02,9.332379748118827534e-01,3.210000000000000000e+02
2.433333333333333126e+00,2.979186788472076159e+02,3.213135468132967958e+02,9.321486210683153084e-01,3.210000000000000000e+02
2.466666666666666785e+00,2.975153920874104756e+02,3.213074831249077761e+02,9.310964246824345869e-01,3.210000000000000000e+02
2.500000000000000000e+00,2.971654423369635083e+02,3.212770533644485340e+02,9.300874397391325488e-01,3.210000000000000000e+02
2.533333333333333215e+00,2.969313263188137739e+02,3.212312524736494197e+02,9.291255483700457951e-01,3.210000000000000000e+02
2.566666666666666430e+00,2.968071518180786370e+02,3.211782957825176936e+02,9.282120677850187462e-01,3.210000000000000000e+02
2.600000000000000089e+00,2.967954317494061343e+02,3.211262175091577546e+02,9.273460095623250465e-01,3.210000000000000000e+02
2.633333333333333304e+00,2.968541588714599015e+02,3.210798330728422911e+02,9.265246727554384831e-01,3.210000000000000000e+02
2.666666666666666519e+00,2.969486548850529175e+02,3.210413742188900983e+02,9.257445215943959083e-01,3.280000000000000000e+02
2.700000000000000178e+00,3.388241295747637878e+02,3.238648305847972324e+02,9.245821771188685867e-01,3.280000000000000000e+02
2.733333333333333393e+00,3.315214484961778112e+02,3.260958690395634108e+02,9.226265909709272517e-01,3.280000000000000000e+02
2.766666666666666607e+00,3.234073361665907100e+02,3.277209452603707405e+02,9.199912709875674999e-01,3.280000000000000000e+02
2.799999999999999822e+00,3.162854863320233676e+02,3.288338312097295102e+02,9.168532584014560394e-01,3.280000000000000000e+02
2.833333333333333481e+00,3.100290093059391552e+02,3.295052546917094674e+02,9.134108808632458443e-01,3.280000000000000000e+02
2.866666666666666696e+00,3.048965785411607499e+02,3.298157992706134110e+02,9.098579360769152302e-01,3.280000000000000000e+02
2.899999999999999911e+00,3.011860976521832072e+02,3.298634885963851957e+02,9.063542613788049263e-01,3.280000000000000000e+02
2.933333333333333126e+00,2.986957054484934702e+02,3.297320464339351815e+02,9.030116536127823501e-01,3.280000000000000000e+02
2.966666666666666785e+00,2.969617832617440740e+02,3.294737665911022191e+02,8.999010812517563851e-01,3.280000000000000000e+02
3.000000000000000000e+00,2.961599468829243733e+02,3.291542393939191697e+02,8.970576424140513927e-01,3.280000000000000000e+02
3.033333333333333215e+00,2.960799525381528383e+02,3.288250484887830112e+02,8.944838590508591425e-01,3.280000000000000000e+02
3.066666666666666430e+00,2.964972520406511194e+02,3.285222048527183460e+02,8.921605164295636214e-01,3.280000000000000000e+02
3.100000000000000089e+00,2.971974692279970327e+02,3.282664539347360346e+02,8.900567915571533373e-01,3.280000000000000000e+02
3.133333333333333304e+00,2.980217033866090333e+02,3.280670127506505764e+02,8.881377326431573183e-01,3.280000000000000000e+02
3.166666666666666519e+00,2.988522542987662405e+02,3.279244886338263427e+02,8.863690590751213128e-01,3.280000000000000000e+02
3.200000000000000178e+00,2.771248072198686714e+02,3.262765122645386100e+02,8.850492448101443532e-01,3.280000000000000000e+02
3.233333333333333393e+00,2.788326731051654406e+02,3.247784618518268758e+02,8.843901426284247469e-01,3.280000000000000000e+02
3.266666666666666607e+00,2.900921151838672927e+02,3.240957277786580448e+02,8.841377834818758830e-01,3.280000000000000000e+02
3.299999999999999822e+00,2.985072861226190071e+02,3.240120135856581669e+02,8.840206983053136014e-01,3.280000000000000000e+02
3.333333333333333481e+00,3.042694417508728293e+02,3.243261495001904109e+02,8.838694592575443432e-01,3.350000000000000000e+02
3.366666666666666696e+00,3.495279808082776185e+02,3.277468999993400303e+02,8.830449052355020534e-01,3.350000000000000000e+02
3.399999999999999911e+00,3.435101724258717582e+02,3.307083008238694219e+02,8.808903965937397995e-01,3.350000000000000000e+02
3.433333333333333126e+00,3.500000000000000000e+02,3.341591149943970436e+02,8.770815790918634614e-01,3.350000000000000000e+02
3.466666666666666785e+00,3.500000000000000000e+02,3.377554658399292862e+02,8.710093958909983503e-01,3.350000000000000000e+02
3.500000000000000000e+00,3.312053185037884759e+02,3.402672581599931050e+02,8.625954689553955168e-01,3.350000000000000000e+02
3.533333333333333215e+00,3.125117814086374892e+02,3.416675349474541576e+02,8.526057917560704302e-01,3.350000000000000000e+02
3.566666666666666430e+00,2.970628725517923385e+02,3.420743778034883462e+02,8.421092731502194395e-01,3.350000000000000000e+02
3.600000000000000089e+00,2.699365820231608950e+02,3.404761457679378509e+02,8.327744063321109724e-01,3.350000000000000000e+02
3.633333333333333304e+00,2.639345169594217850e+02,3.382149422416083553e+02,8.258304864558460023e-01,3.350000000000000000e+02
3.666666666666666519e+00,2.680415921972017372e+02,3.360399162522662095e+02,8.211324945672169306e-01,3.350000000000000000e+02
3.699999999999999734e+00,2.766825939807421264e+02,3.343488342131990407e+02,8.180843542227742571e-01,3.350000000000000000e+02
3.733333333333333393e+00,2.853685789006497657e+02,3.332046948241246014e+02,8.160998287432456033e-01,3.350000000000000000e+02
3.766666666666666607e+00,2.920714092321176167e+02,3.325010136863922980e+02,8.147547829446250001e-01,3.350000000000000000e+02
3.799999999999999822e+00,2.986890386562919275e+02,3.322475489605520238e+02,8.137383696395739108e-01,3.350000000000000000e+02
3.833333333333333481e+00,3.041068467402543547e+02,3.323690352963142232e+02,8.128003593567548757e-01,3.350000000000000000e+02
3.866666666666666696e+00,3.070923260894604709e+02,3.327006940137427478e+02,8.117738087893077159e-01,3.350000000000000000e+02
3.899999999999999911e+00,3.086603145687222423e+02,3.331470518472177105e+02,8.105671475647284741e-01,3.350000000000000000e+02
3.933333333333333126e+00,3.090970323616963356e+02,3.336319040973345409e+02,8.091366420655362601e-01,3.350000000000000000e+02
3.966666666666666785e+00,3.087024511993101896e+02,3.340989092371552260e+02,8.074770204306849219e-01,3.350000000000000000e+02
4.000000000000000000e+00,3.077607742412141647e+02,3.345101393281819924e+02,8.056125936948884680e-01,3.420000000000000000e+02
4.033333333333333215e+00,3.482791284699003427e+02,3.378248084508809370e+02,8.025407700011185641e-01,3.420000000000000000e+02
4.066666666666666430e+00,3.380649448676550719e+02,3.406270764394534467e+02,7.971504777024150945e-01,3.420000000000000000e+02
4.099999999999999645e+00,3.269766532197375000e+02,3.428999892451712981e+02,7.895620425500665673e-01,3.420000000000000000e+02
4.133333333333332860e+00,3.152687749874130532e+02,3.445950080829177296e+02,7.801394475157225061e-01,3.420000000000000000e+02
4.166666666666666963e+00,3.044817099100697533e+02,3.457234678727397181e+02,7.694675804187561807e-01,3.420000000000000000e+02
4.200000000000000178e+00,2.942522027923699852e+02,3.462331692370532323e+02,7.583018653975306389e-01,3.420000000000000000e+02
4.233333333333333393e+00,2.861926388519573834e+02,3.461659565681487152e+02,7.474627959109704234e-01,3.420000000000000000e+02
4.266666666666666607e+00,2.808874632008093499e+02,3.456196749033447873e+02,7.376391680864933242e-01,3.420000000000000000e+02
4.299999999999999822e+00,2.785306582350949043e+02,3.447426652384037311e+02,7.292640819477039793e-01,3.420000000000000000e+02
4.333333333333333037e+00,2.788830942377118731e+02,3.437086914429127660e+02,7.224803414799807477e-01,3.420000000000000000e+02
4.366666666666666252e+00,2.813540306259432668e+02,3.426825327598085096e+02,7.171922196862674515e-01,3.420000000000000000e+02
4.400000000000000355e+00,2.851720967769967956e+02,3.417915948793803977e+02,7.131587756373415354e-01,3.420000000000000000e+02
4.433333333333333570e+00,2.895667502141646423e+02,3.411127757397854907e+02,7.100820897003271570e-01,3.420000000000000000e+02
4.466666666666666785e+00,2.938970033449479615e+02,3.406741847886991081e+02,7.076677373966209217e-01,3.420000000000000000e+02
4.500000000000000000e+00,2.977092497363721577e+02,3.404658062628907373e+02,7.056571216491480669e-01,3.420000000000000000e+02
4.533333333333333215e+00,3.007394195127458261e+02,3.404529166330561338e+02,7.038406015663253301e-01,3.420000000000000000e+02
4.566666666666666430e+00,3.028843318330604006e+02,3.405883058352630997e+02,7.020601509924651040e-01,3.420000000000000000e+02
4.599999999999999645e+00,3.041620969960546290e+02,3.408215973288061491e+02,7.002074722248102789e-01,3.420000000000000000e+02
4.633333333333332860e+00,3.046733511442484428e+02,3.411055970539553073e+02,6.982194737124871597e-01,3.420000000000000000e+02
4.666666666666666963e+00,3.045676513448451601e+02,3.414000818654859017e+02,6.960725702564148909e-01,3.490000000000000000e+02
4.700000000000000178e+00,3.457734066493457590e+02,3.447454849699537363e+02,6.922854358249013185e-01,3.490000000000000000e+02
4.733333333333333393e+00,3.360615461536500561e+02,3.478310153983888426e+02,6.851054062063629546e-01,3.490000000000000000e+02
4.766666666666666607e+00,3.233904447983489945e+02,3.505273493019647617e+02,6.744373623648091121e-01,3.490000000000000000e+02
4.799999999999999822e+00,3.088818493333625383e+02,3.527102885018371126e+02,6.605935453178212180e-01,3.490000000000000000e+02
4.833333333333333037e+00,2.938012531321941765e+02,3.542460034419128192e+02,6.443981618910923359e-01,3.490000000000000000e+02
4.866666666666666252e+00,2.796390166487637430e+02,3.550028621902779946e+02,6.271913582592302250e-01,3.490000000000000000e+02
4.900000000000000355e+00,2.680527870004103761e+02,3.548983504153146100e+02,6.106352917507220646e-01,3.490000000000000000e+02
4.933333333333333570e+00,2.605846458159805366e+02,3.539685112849128927e+02,5.962994683925956219e-01,3.490000000000000000e+02
4.966666666666666785e+00,2.581806739262156043e+02,3.524109711180631734e+02,5.851975411993941556e-01,3.490000000000000000e+02
5.000000000000000000e+00,2.607744821302296714e+02,3.505502293664175113e+02,5.775649890447419610e-01,3.490000000000000000e+02
5.033333333333333215e+00,2.672764588518016922e+02,3.487350962016095082e+02,5.729933380801921494e-01,3.490000000000000000e+02
5.066666666666666430e+00,2.760145624702253713e+02,3.472373776604327986e+02,5.707494828174717316e-01,3.490000000000000000e+02
5.099999999999999645e+00,2.853059210413984488e+02,3.462054460184950813e+02,5.700504573272597852e-01,3.490000000000000000e+02
5.133333333333332860e+00,2.938375951085877205e+02,3.456724247350339851e+02,5.702063703263064998e-01,3.490000000000000000e+02
5.166666666666666963e+00,3.007841353900599302e+02,3.455906547745828448e+02,5.706628890506623142e-01,3.490000000000000000e+02
5.200000000000000178e+00,3.057573322933335476e+02,3.458683462030723490e+02,5.709980276433912483e-01,3.490000000000000000e+02
5.233333333333333393e+00,3.086964706889154968e+02,3.463975086213835652e+02,5.709084951696552501e-01,3.490000000000000000e+02
5.266666666666666607e+00,3.097612040265800033e+02,3.470716553892233378e+02,5.701981652985619320e-01,3.490000000000000000e+02
5.299999999999999822e+00,3.092477815160841033e+02,3.477953894024283841e+02,5.687712066140064859e-01,3.490000000000000000e+02
5.333333333333333037e+00,3.075298394759279859e+02,3.484889395624794020e+02,5.666263535522733097e-01,3.560000000000000000e+02
5.366666666666666252e+00,3.467732118185493277e+02,3.522703356101616237e+02,5.618281144830000740e-01,3.560000000000000000e+02
5.400000000000000355e+00,3.343407639922101566e+02,3.559403756268428083e+02,5.518349193518655715e-01,3.560000000000000000e+02
5.433333333333333570e+00,3.174754365480882257e+02,3.593448143063743032e+02,5.361783192412865606e-01,3.560000000000000000e+02
5.466666666666666785e+00,2.972474456273965870e+02,3.622865827594599750e+02,5.150402688543614937e-01,3.560000000000000000e+02
5.500000000000000000e+00,2.751903767297889658e+02,3.644659079385138511e+02,4.897001787420756647e-01,3.560000000000000000e+02
5.533333333333333215e+00,2.537161121250873634e+02,3.654657719305914725e+02,4.629102192195238552e-01,3.560000000000000000e+02
5.566666666666666430e+00,2.500000000000000000e+02,3.660983056287029740e+02,4.371067830266882615e-01,3.560000000000000000e+02
5.599999999999999645e+00,2.500000000000000000e+02,3.664613584196976035e+02,4.131720882805267059e-01,3.560000000000000000e+02
5.633333333333332860e+00,2.500000000000000000e+02,3.664230383168215326e+02,3.918269413822291214e-01,3.560000000000000000e+02
5.666666666666666963e+00,2.500000000000000000e+02,3.658349789408696324e+02,3.739144397063670078e-01,3.560000000000000000e+02
5.700000000000000178e+00,2.500000000000000000e+02,3.645589447718951419e+02,3.602726955646438078e-01,3.560000000000000000e+02
5.733333333333333393e+00,2.500000000000000000e+02,3.625039510394443596e+02,3.515467843059709163e-01,3.560000000000000000e+02
5.766666666666666607e+00,2.500000000000000000e+02,3.596591382710174116e+02,3.480091678978943226e-01,3.560000000000000000e+02
5.799999999999999822e+00,2.500000000000000000e+02,3.561049926558615084e+02,3.494768704577304597e-01,3.560000000000000000e+02
5.833333333333333037e+00,2.500000000000000000e+02,3.519958558924911358e+02,3.553678742382265221e-01,3.560000000000000000e+02
5.866666666666666252e+00,2.500000000000000000e+02,3.475232033451642906e+02,3.648596884393111028e-01,3.560000000000000000e+02
5.900000000000000355e+00,2.556117618757119203e+02,3.432737019240124710e+02,3.769489412349188440e-01,3.560000000000000000e+02
5.933333333333333570e+00,2.923874731908024387e+02,3.415754659441061563e+02,3.901449923010361642e-01,3.560000000000000000e+02
5.966666666666666785e+00,3.196723545862022888e+02,3.418231000260856831e+02,4.030547850573573121e-01,3.560000000000000000e+02
6.000000000000000000e+00,3.376387588644494144e+02,3.433873282510172089e+02,4.148018965025149773e-01,3.630000000000000000e+02
6.033333333333333215e+00,3.500000000000000000e+02,3.459281866602559603e+02,4.246312620641725100e-01,3.630000000000000000e+02
6.066666666666666430e+00,3.500000000000000000e+02,3.486694494515131737e+02,4.319187626369655475e-01,3.630000000000000000e+02
6.099999999999999645e+00,3.500000000000000000e+02,3.517227219124816884e+02,4.360999384239007126e-01,3.630000000000000000e+02
6.133333333333332860e+00,3.500000000000000000e+02,3.552604468103946829e+02,4.362749948035766767e-01,3.630000000000000000e+02
6.166666666666666963e+00,3.500000000000000000e+02,3.595774378997369922e+02,4.308874579229158841e-01,3.630000000000000000e+02
6.200000000000000178e+00,3.500000000000000000e+02,3.652487037226204620e+02,4.169103503229427132e-01,3.630000000000000000e+02
6.233333333333333393e+00,3.500000000000000000e+02,3.736377350869346969e+02,3.872628234587049412e-01,3.630000000000000000e+02
6.266666666666666607e+00,3.047048462478240367e+02,3.840010293682520910e+02,3.299854656855135127e-01,3.630000000000000000e+02
6.299999999999999822e+00,2.500000000000000000e+02,3.997930963936324247e+02,2.249423419381371414e-01,3.630000000000000000e+02
6.333333333333333037e+00,2.500000000000000000e+02,4.287934067490521670e+02,5.006332418780082977e-02,3.630000000000000000e+02
6.366666666666666252e+00,2.500000000000000000e+02,4.286166566348601918e+02,1.042035159710425624e-02,3.630000000000000000e+02
6.400000000000000355e+00,2.500000000000000000e+02,4.203086214136395711e+02,1.306286785406200572e-02,3.630000000000000000e+02
6.433333333333333570e+00,2.500000000000000000e+02,4.122734078306102674e+02,1.831169101167010385e-02,3.630000000000000000e+02
6.466666666666666785e+00,2.500000000000000000e+02,4.046463415826931964e+02,2.526163051201333817e-02,3.630000000000000000e+02
6.500000000000000000e+00,2.500000000000000000e+02,3.973384168211101155e+02,3.409872813852359019e-02,3.630000000000000000e+02
6.533333333333333215e+00,2.500000000000000000e+02,3.902634361559483409e+02,4.503315114841879852e-02,3.630000000000000000e+02
6.566666666666666430e+00,2.500000000000000000e+02,3.833563670173934383e+02,5.820554164710229489e-02,3.630000000000000000e+02
6.599999999999999645e+00,2.500000000000000000e+02,3.765805353136781264e+02,7.364335595966485515e-02,3.630000000000000000e+02
6.633333333333332860e+00,2.500000000000000000e+02,3.699306230442650190e+02,9.123589050593956806e-02,3.630000000000000000e+02
6.666666666666666963e+00,2.500000000000000000e+02,3.634299624372593485e+02,1.107368085432463428e-01,3.700000000000000000e+02
6.700000000000000178e+00,2.500000000000000000e+02,3.571219777337026926e+02,1.317968968880400271e-01,3.700000000000000000e+02
6.733333333333333393e+00,2.500000000000000000e+02,3.510583268294369645e+02,1.540162942007528846e-01,3.700000000000000000e+02
6.766666666666666607e+00,2.500000000000000000e+02,3.452876776584308800e+02,1.769977532074741289e-01,3.700000000000000000e+02
6.799999999999999822e+00,2.500000000000000000e+02,3.398479956761605081e+02,2.003862020623071727e-01,3.700000000000000000e+02
6.833333333333333037e+00,2.500000000000000000e+02,3.347633041070658919e+02,2.238887496247913000e-01,3.700000000000000000e+02
6.866666666666666252e+00,2.500000000000000000e+02,3.300438958206497091e+02,2.472783999821979439e-01,3.700000000000000000e+02
6.899999999999999467e+00,2.500000000000000000e+02,3.256885397435385130e+02,2.703876704129297148e-01,3.700000000000000000e+02
6.933333333333333570e+00,2.522429931573011856e+02,3.218375099399677310e+02,2.930905216589611562e-01,3.700000000000000000e+02
6.966666666666666785e+00,3.284824967237611872e+02,3.234123625666588850e+02,3.150670836121217122e-01,3.700000000000000000e+02
7.000000000000000000e+00,3.500000000000000000e+02,3.263305550188089228e+02,3.359693062342585801e-01,3.700000000000000000e+02
7.033333333333333215e+00,3.500000000000000000e+02,3.290694961031218213e+02,3.556597740460280543e-01,3.700000000000000000e+02
7.066666666666666430e+00,3.500000000000000000e+02,3.316698298502661828e+02,3.740640614308148315e-01,3.700000000000000000e+02
7.099999999999999645e+00,3.500000000000000000e+02,3.341716051444454365e+02,3.910934578676738549e-01,3.700000000000000000e+02
7.133333333333332860e+00,3.500000000000000000e+02,3.366154440877083402e+02,4.066399594394378147e-01,3.700000000000000000e+02
7.166666666666666963e+00,3.500000000000000000e+02,3.390442441356672134e+02,4.205682245967445332e-01,3.700000000000000000e+02
7.200000000000000178e+00,3.500000000000000000e+02,3.415057197203708483e+02,4.327028288877657336e-01,3.700000000000000000e+02
7.233333333333333393e+00,3.500000000000000000e+02,3.440563585244794353e+02,4.428077321201420169e-01,3.700000000000000000e+02
7.266666666666666607e+00,3.500000000000000000e+02,3.467679306427473875e+02,4.505519213409377999e-01,3.700000000000000000e+02
7.299999999999999822e+00,3.500000000000000000e+02,3.497389474518519137e+02,4.554486443489468295e-01,3.700000000000000000e+02
7.333333333333333037e+00,3.500000000000000000e+02,3.531165653232395698e+02,4.567396586693994731e-01,3.770000000000000000e+02
7.366666666666666252e+00,3.500000000000000000e+02,3.571430136808202747e+02,4.531519950874577374e-01,3.770000000000000000e+02
7.399999999999999467e+00,3.500000000000000000e+02,3.622685481027895094e+02,4.423131666350136326e-01,3.770000000000000000e+02
7.433333333333333570e+00,3.500000000000000000e+02,3.694872434064860158e+02,4.190367722851137677e-01,3.770000000000000000e+02
7.466666666666666785e+00,3.500000000000000000e+02,3.817278227168179683e+02,3.683329205774976134e-01,3.770000000000000000e+02
7.500000000000000000e+00,3.500000000000000000e+02,4.152215444378998654e+02,2.092904009836325796e-01,3.770000000000000000e+02
7.533333333333333215e+00,3.500000000000000000e+02,4.550729918076191893e+02,3.136219122284715326e-03,3.770000000000000000e+02
7.566666666666666430e+00,2.500000000000000000e+02,4.444617539448230445e+02,4.613119024254687395e-03,3.770000000000000000e+02
7.599999999999999645e+00,2.500000000000000000e+02,4.347027051050555428e+02,6.970030917031220380e-03,3.770000000000000000e+02
7.633333333333332860e+00,2.500000000000000000e+02,4.256945152587896359e+02,1.026190136928650451e-02,3.770000000000000000e+02
7.666666666666666963e+00,2.500000000000000000e+02,4.173078181964261830e+02,1.473412328447949379e-02,3.770000000000000000e+02
7.700000000000000178e+00,2.500000000000000000e+02,4.094204407652198938e+02,2.065118249361046557e-02,3.770000000000000000e+02
7.733333333333333393e+00,2.500000000000000000e+02,4.019196460930263015e+02,2.828153567233879229e-02,3.770000000000000000e+02
7.766666666666666607e+00,2.500000000000000000e+02,3.947059784582228872e+02,3.787392359099939210e-02,3.770000000000000000e+02
7.799999999999999822e+00,2.500000000000000000e+02,3.876987865017979971e+02,4.962430701806643668e-02,3.770000000000000000e+02
7.833333333333333037e+00,2.500000000000000000e+02,3.808425793377341506e+02,6.363705604764161028e-02,3.770000000000000000e+02
7.866666666666666252e+00,2.500000000000000000e+02,3.741120788068590741e+02,7.989070428617763009e-02,3.770000000000000000e+02
7.899999999999999467e+00,2.500000000000000000e+02,3.675131524796162807e+02,9.822268246060891772e-02,3.770000000000000000e+02
7.933333333333333570e+00,2.500000000000000000e+02,3.610777776222241187e+02,1.183435716907147855e-01,3.770000000000000000e+02
7.966666666666666785e+00,2.500000000000000000e+02,3.548538396816808813e+02,1.398789503033484038e-01,3.770000000000000000e+02
8.000000000000000000e+00,2.947113085098222882e+02,3.519847185746424429e+02,1.617927691632664033e-01,3.840000000000000000e+02
8.033333333333333215e+00,3.500000000000000000e+02,3.531631658619357381e+02,1.824882251118637722e-01,3.840000000000000000e+02
8.066666666666666430e+00,3.500000000000000000e+02,3.545246922400990002e+02,2.010295797642529525e-01,3.840000000000000000e+02
8.099999999999999645e+00,3.500000000000000000e+02,3.561000884808521505e+02,2.172468193928527025e-01,3.840000000000000000e+02
8.133333333333332860e+00,3.500000000000000000e+02,3.579347916957333950e+02,2.308883084011913722e-01,3.840000000000000000e+02
8.166666666666666075e+00,3.500000000000000000e+02,3.600961251302996402e+02,2.415806779894246470e-01,3.840000000000000000e+02
8.199999999999999289e+00,3.500000000000000000e+02,3.626861608860156139e+02,2.487588165940525786e-01,3.840000000000000000e+02
8.233333333333332504e+00,3.500000000000000000e+02,3.658657748240813135e+02,2.515367978699554197e-01,3.840000000000000000e+02
8.266666666666665719e+00,3.500000000000000000e+02,3.699027301757220130e+02,2.484530881944168323e-01,3.840000000000000000e+02
8.300000000000000711e+00,3.500000000000000000e+02,3.752755907856757744e+02,2.369260601349965079e-01,3.840000000000000000e+02
8.333333333333333925e+00,3.500000000000000000e+02,3.829135258614141435e+02,2.120082753519569596e-01,3.840000000000000000e+02
8.366666666666667140e+00,3.500000000000000000e+02,3.946859515376539207e+02,1.638306600910476585e-01,3.840000000000000000e+02
8.400000000000000355e+00,3.500000000000000000e+02,4.123658404501762220e+02,8.229297623750525537e-02,3.840000000000000000e+02
8.433333333333333570e+00,3.236600939748407200e+02,4.223881830800179955e+02,2.354484620564740657e-02,3.840000000000000000e+02
8.466666666666666785e+00,2.500000000000000000e+02,4.164321355426166065e+02,1.702818526944582800e-02,3.840000000000000000e+02
8.500000000000000000e+00,2.500000000000000000e+02,4.088838386257798447e+02,2.160350748339046750e-02,3.840000000000000000e+02
8.533333333333333215e+00,2.500000000000000000e+02,4.014727224691581569e+02,2.901669644814458549e-02,3.840000000000000000e+02
8.566666666666666430e+00,2.500000000000000000e+02,3.942963650411680305e+02,3.861631910529209760e-02,3.840000000000000000e+02
8.599999999999999645e+00,2.500000000000000000e+02,3.873090729565379320e+02,5.044215777818192997e-02,3.840000000000000000e+02
8.633333333333332860e+00,2.684581496498356614e+02,3.818145838122118789e+02,6.393760329963393829e-02,3.840000000000000000e+02
8.666666666666666075e+00,2.967737283022379984e+02,3.785813768574843152e+02,7.775684286935720391e-02,3.910000000000000000e+02
8.699999999999999289e+00,3.500000000000000000e+02,3.795592189351727939e+02,8.932597091887853336e-02,3.910000000000000000e+02
8.733333333333332504e+00,3.500000000000000000e+02,3.812184057428218580e+02,9.667294923296597398e-02,3.910000000000000000e+02
8.766666666666665719e+00,3.500000000000000000e+02,3.835814574056071251e+02,9.949569261433681422e-02,3.910000000000000000e+02
8.800000000000000711e+00,3.500000000000000000e+02,3.866930511775477157e+02,9.738068521347852113e-02,3.910000000000000000e+02
8.833333333333333925e+00,3.500000000000000000e+02,3.905723581905546098e+02,9.003056526367740620e-02,3.910000000000000000e+02
8.866666666666667140e+00,3.500000000000000000e+02,3.951103835002676306e+02,7.777838778630849492e-02,3.910000000000000000e+02
8.900000000000000355e+00,3.238918617853751130e+02,3.977604637084937167e+02,6.447321273444035772e-02,3.910000000000000000e+02
8.933333333333333570e+00,3.025428371739179170e+02,3.979441385751101734e+02,5.550191618406341565e-02,3.910000000000000000e+02
8.966666666666666785e+00,2.923343758787998468e+02,3.963370475010361247e+02,5.225162645344333390e-02,3.910000000000000000e+02
9.000000000000000000e+00,2.925607137500554131e+02,3.940704803246853771e+02,5.323452098589803727e-02,3.910000000000000000e+02
9.033333333333333215e+00,2.988872825965960374e+02,3.919677482184058590e+02,5.655644205290044635e-02,3.910000000000000000e+02
9.066666666666666430e+00,3.072917605669365457e+02,3.904290721275286842e+02,6.075980573768065968e-02,3.910000000000000000e+02
9.099999999999999645e+00,3.151658835605867921e+02,3.895635528988614738e+02,6.482664855370326440e-02,3.910000000000000000e+02
9.133333333333332860e+00,3.210985151943352207e+02,3.893137231068698156e+02,6.808144563631533808e-02,3.910000000000000000e+02
9.166666666666666075e+00,3.245250792300269040e+02,3.895343449185100440e+02,7.014787451583351374e-02,3.910000000000000000e+02
9.199999999999999289e+00,3.254820361656757086e+02,3.900406757027813001e+02,7.093973574683566652e-02,3.910000000000000000e+02
9.233333333333332504e+00,3.244372767833552302e+02,3.906433165849563238e+02,7.063971194116398788e-02,3.910000000000000000e+02
9.266666666666665719e+00,3.221354921069419106e+02,3.911795193529420089e+02,6.962916573628366579e-02,3.910000000000000000e+02
9.300000000000000711e+00,3.194176959679541596e+02,3.915406012500457678e+02,6.836477950131290837e-02,3.910000000000000000e+02
9.333333333333333925e+00,3.170217647764655453e+02,3.916868715996007495e+02,6.724232062972157475e-02,3.980000000000000000e+02
9.366666666666667140e+00,3.500000000000000000e+02,3.943602672176713213e+02,6.441656982425371381e-02,3.980000000000000000e+02
9.400000000000000355e+00,3.497396441932517064e+02,3.973979676854111744e+02,5.849477239092777670e-02,3.980000000000000000e+02
9.433333333333333570e+00,3.365251629017507184e+02,3.994845099122660486e+02,5.165130801994182591e-02,3.980000000000000000e+02
9.466666666666666785e+00,3.248899078165238166e+02,4.003105234355883226e+02,4.643248624174350220e-02,3.980000000000000000e+02
9.500000000000000000e+00,3.179614715744505702e+02,4.001196443216950911e+02,4.374347143851520237e-02,3.980000000000000000e+02
9.533333333333333215e+00,3.159856361949796337e+02,3.994106014084603657e+02,4.315519351075035315e-02,3.980000000000000000e+02
9.566666666666666430e+00,3.173580788259331484e+02,3.986123408220006468e+02,4.382575811894958567e-02,3.980000000000000000e+02
9.599999999999999645e+00,3.202184851849207234e+02,3.979736635334906509e+02,4.501290598280575928e-02,3.980000000000000000e+02
9.633333333333332860e+00,3.232029540991368890e+02,3.975873527700127283e+02,4.620271443374859149e-02,3.980000000000000000e+02
9.666666666666666075e+00,3.255428985788565797e+02,3.974449855878456219e+02,4.710204394151932400e-02,3.980000000000000000e+02
9.699999999999999289e+00,3.269483852486750948e+02,3.974847065776078239e+02,4.760099909661178602e-02,3.980000000000000000e+02
9.733333333333332504e+00,3.274595730217043865e+02,3.976265859423942288e+02,4.772611121091592523e-02,3.980000000000000000e+02
9.766666666666665719e+00,3.273078174678033747e+02,3.977972225229221976e+02,4.758563155288200036e-02,3.980000000000000000e+02
9.800000000000000711e+00,3.267932708121159635e+02,3.979443345587638987e+02,4.731403055333100599e-02,3.980000000000000000e+02
9.833333333333333925e+00,3.261890439488533957e+02,3.980416261498544372e+02,4.702788012710820698e-02,3.980000000000000000e+02
9.866666666666667140e+00,3.256837087585761878e+02,3.980855782222996027e+02,4.680191273100673538e-02,3.980000000000000000e+02
9.900000000000000355e+00,3.253654130913898825e+02,3.980874347538713778e+02,4.666590994172552243e-02,3.980000000000000000e+02
9.933333333333333570e+00,3.252389829051952006e+02,3.980644178429241151e+02,4.661516796907910071e-02,3.980000000000000000e+02
9.966666666666666785e+00,3.252584267514768612e+02,3.980328947428416200e+02,4.662585992967683418e-02,3.980000000000000000e+02
1.000000000000000000e+01,3.253596379607397466e+02,3.980045879728144200e+02,4.666890760809667971e-02,3.980000000000000000e+02
